310 234 414
313 237 412
322 242 410
338 249 407
340 258 404
351 268 399
368 279 395
369 289 391
369 298 387
376 308 384
396 315 381
396 324 377
401 331 373
409 340 369
418 349 364
425 358 360
436 367 356
443 375 352
451 382 349
458 391 345
470 398 342
476 407 338
482 415 334
490 427 328
498 448 319
507 464 311
515 482 303
525 501 293
535 522 284
539 546 272
548 570 261
556 581 257
566 599 248
573 617 242
580 632 237
588 644 232
598 657 229
605 666 226
613 674 224
622 677 223
631 683 222
638 688 222
646 691 221
654 693 220
662 696 220
670 697 220
683 697 220
687 698 220
695 698 220
704 699 220
910 699 220
912 699 220
918 699 220
932 700 220
935 701 220
940 702 220
951 703 220
957 704 220
965 706 220
973 707 220
983 708 221
990 710 221
998 710 222
1006 711 222
1014 712 222
1022 712 223
1032 713 223
1042 713 223
1048 714 223
1057 714 224
1064 714 224
1072 714 224
1080 714 224
1089 714 225
1099 714 226
1104 714 227
1113 714 228
1123 714 230
1129 714 231
1137 714 233
1146 714 235
1156 714 237
1163 713 241
1170 712 244
1178 711 247
1189 710 250
1198 709 253
1203 708 255
1213 707 258
1229 705 260
1230 704 262
1236 703 263
1245 702 265
1254 702 265
1261 701 266
1270 701 266
1276 701 266
1287 701 266
1293 701 266
1302 700 266
1310 700 266
1318 700 266
1337 699 266
1342 699 266
1350 699 265
1359 698 264
1368 698 264
1380 698 263
1384 697 262
1392 696 262
1400 696 261
1407 694 260
1415 691 259
1424 687 257
1434 684 256
1443 678 253
1448 676 253
1456 670 250
1466 667 249
1474 663 246
1481 660 245
1492 657 243
1497 654 241
1508 652 239
1513 647 235
1522 643 233
1529 638 230
1539 633 227
1548 627 223
1555 620 220
1562 617 219
1572 611 215
1579 605 212
1587 602 210
1595 598 208
1603 595 206
1612 593 205
2162 593 205
2163 589 205
2170 586 205
2181 582 205
2187 576 205
2193 571 205
2204 564 204
2212 555 203
2218 548 201
2226 540 199
2235 533 197
2246 530 196
2251 524 194
2259 519 192
2267 514 189
2276 510 187
2284 506 185
2292 503 183
2303 500 182
2307 497 180
2316 494 177
2324 491 175
2342 488 173
2343 485 172
2349 483 170
2356 477 166
2365 475 165
2372 473 164
2383 470 161
2389 467 159
2397 465 157
2407 460 153
2414 457 150
2423 454 148
2430 452 146
2438 445 140
2447 441 136
2455 437 132
2466 433 130
2471 428 126
2484 424 122
2487 423 119
2495 419 115
2503 412 110
2512 410 108
2521 406 104
2529 401 99
2536 400 97
2544 396 93
2553 393 90
2562 389 87
2569 387 84
2577 384 81
2586 381 79
2594 379 77
2602 376 75
2610 374 73
2618 371 72
2628 369 71
2637 367 70
2643 365 69
2651 363 68
2659 361 67
2667 359 67
2676 358 66
2684 357 65
2692 356 65
2704 355 65
2708 354 64
2716 354 64
2725 353 64
2733 353 63
2741 352 63
2753 352 63
2757 352 63
2765 352 63
2782 352 63
2799 352 62
2823 352 62
2831 352 62
3273 352 63
3275 357 67
3283 372 76
3289 378 79
3297 389 86
3306 403 94
3314 431 110
3322 438 112
3330 469 127
3339 477 130
3346 493 136
3355 508 141
3362 523 146
3371 538 150
3379 553 155
3387 568 160
3397 583 165
3404 593 169
3412 606 174
3420 616 178
3428 625 182
3438 628 183
3447 644 190
3453 650 194
3461 652 195
3469 658 197
3482 665 200
3485 667 201
3494 670 203
3502 673 204
3510 676 205
3522 679 206
3527 682 208
3535 687 210
3549 689 211
3552 692 213
3560 695 214
3567 697 215
3576 700 216
3584 702 217
3593 704 218
3601 706 219
3609 708 220
3620 709 220
3625 710 221
3634 712 221
3641 713 222
3651 714 223
3658 716 224
3668 717 225
3674 718 226
3682 719 227
3692 721 228
3699 722 230
3706 723 231
3715 724 233
3728 725 234
3731 725 235
3739 725 236
3748 726 237
3758 726 238
3764 727 239
3772 727 240
3789 727 242
3790 728 242
3798 728 244
3805 729 245
3813 729 245
3821 729 246
3831 730 246
3838 730 247
3847 730 247
3854 730 247
3865 731 247
3873 732 247
3878 732 247
3887 733 247
3898 734 247
3904 734 247
3913 735 247
3920 736 247
3929 736 247
3936 737 247
3945 737 247
3963 737 247
3964 737 247
3969 738 247
3986 738 247
4044 738 247
4077 738 247
4156 738 248
6054 738 248
6060 736 245
6065 733 241
6075 731 238
6081 729 236
6099 726 231
6101 722 226
6104 720 224
6112 717 219
6121 714 216
6129 711 212
6142 706 206
6145 702 201
6153 698 196
6161 694 192
6169 689 186
6178 684 180
6186 682 178
6194 678 173
6202 673 168
6210 669 164
6221 665 160
6226 661 156
6235 658 154
6244 655 151
6252 651 148
6262 647 144
6268 646 143
6276 643 141
6285 638 137
6292 635 134
6300 633 133
6308 630 130
6317 625 127
6325 623 126
6333 617 122
6341 615 121
6353 607 116
6358 602 114
6366 596 110
6374 589 107
6382 582 102
6391 575 99
6399 568 94
6412 560 89
6415 554 86
6424 548 81
6432 543 77
6439 537 74
6447 536 73
6456 531 70
6468 527 67
6473 524 65
6480 522 63
6488 520 62
6497 517 61
6507 516 59
6513 515 58
6522 513 57
6530 512 56
6537 511 54
6546 510 54
6554 510 53
6562 510 53
6595 510 53
6658 509 52
7021 509 52
7023 512 54
7030 515 57
7038 519 61
7046 524 64
7055 532 70
7065 542 77
7070 552 85
7079 562 93
7087 575 101
7095 584 108
7109 597 116
7111 607 124
7119 615 130
7127 625 138
7137 634 146
7144 641 152
7154 643 154
7161 654 164
7169 659 168
7183 661 170
7185 670 177
7195 674 181
7203 679 184
7211 685 188
7217 691 191
7226 697 195
7235 704 199
7246 710 203
7250 717 206
7261 723 211
7267 731 216
7277 738 219
7285 740 221
7291 746 223
7299 750 226
7309 755 230
7324 758 231
7324 760 232
7333 761 233
7344 762 234
7348 763 234
7356 763 235
7365 763 235
7375 763 235
7382 764 235
7390 764 235
7398 764 236
7418 764 236
7422 764 236
7431 764 236
7440 764 236
7447 765 237
7485 765 237
7565 765 237
17894 765 237
17895 764 233
17898 761 228
17906 756 220
17914 750 212
17922 742 202
17931 734 193
17939 725 184
17948 715 178
17955 707 170
17964 697 165
17973 690 160
17980 683 157
17988 680 156
17996 674 153
18004 669 150
18013 665 148
18021 662 146
18030 660 145
18037 658 143
18046 657 143
18054 656 142
18062 656 141
18071 655 141
18078 655 140
18086 655 140
18094 655 138
18103 655 137
18110 654 135
18119 653 132
18127 652 125
18135 651 112
18144 650 100
18151 650 91
18160 650 76
18168 650 59
18176 650 44
18185 650 32
18193 650 28
18200 650 19
18209 650 12
18218 650 8
18235 650 6
18236 650 4
18241 650 3
18252 650 2
18258 650 2
18332 650 2
18340 650 2
18348 650 3
18356 650 3
18365 650 3
18373 650 4
18381 650 5
18389 650 5
18397 651 6
18405 651 7
18415 651 8
18422 651 9
18430 651 10
18438 651 11
18446 651 12
18459 651 12
18463 651 13
18471 651 13
18479 651 13
18488 651 14
18495 651 14
18504 651 14
18513 651 15
18521 651 15
18529 651 15
18536 651 16
18547 650 16
18566 650 16
18641 650 16
18936 650 16
18938 647 19
18947 640 25
18956 634 32
18963 621 43
18971 605 58
18979 586 75
18987 564 94
18996 540 112
19004 515 134
19012 493 154
19023 472 170
19028 462 178
19036 444 192
19044 429 203
19053 424 205
19061 414 211
19070 408 216
19078 402 219
19086 399 220
19094 398 221
19103 396 222
19113 396 222
19118 395 222
19126 395 222
19134 395 222
19151 395 222
19167 395 222
19175 394 222
19186 394 222
19197 393 222
19199 392 222
19208 391 222
19216 390 222
19224 389 222
19236 388 222
19241 388 222
19248 387 222
19256 387 222
19265 387 222
19280 386 222
19297 386 222
19305 386 222
19313 385 221
19321 385 221
19329 384 219
19338 383 217
19346 382 216
19355 381 214
19362 380 212
19371 379 211
19379 378 209
19387 378 208
19396 378 207
19404 378 207
19412 377 206
19420 377 206
19428 377 205
19437 377 204
19445 377 203
19453 376 200
19461 376 197
19469 375 193
19478 375 187
19485 374 185
19494 373 180
19502 373 175
19510 371 172
19521 371 169
19527 370 168
19535 370 167
19543 370 167
19551 370 167
19561 370 166
19568 369 166
19601 369 166
19625 369 166
19653 369 166
19658 369 167
19666 369 167
19675 369 167
19683 369 167
19702 369 167
19707 369 168
19707 369 168
19716 368 168
19724 368 169
19732 368 169
19740 368 169
19752 367 170
19756 367 170
19764 365 170
19773 364 171
19781 363 171
19789 363 172
19797 362 172
19831 362 172
19902 361 172
25415 362 172
25416 363 172
25422 366 172
25431 373 172
25439 375 172
25445 380 172
25454 384 172
25462 388 172
25470 391 172
25478 395 173
25487 397 174
25495 399 174
25503 401 175
25511 403 175
25519 403 175
25527 404 176
25536 404 176
25544 404 176
25553 405 177
25560 405 177
25568 406 178
25577 407 178
25585 408 179
25593 409 180
25603 409 180
25609 410 181
25617 410 181
25625 410 181
25634 410 181
25642 410 182
25651 411 182
25661 411 182
25666 411 182
25674 412 184
25683 414 187
25691 416 191
25699 419 195
25708 422 200
25719 426 206
25724 427 208
25732 429 213
25741 430 217
25749 431 219
25757 433 221
25765 433 222
25773 433 223
25782 434 223
25790 434 224
25798 434 224
25806 434 224
25814 434 224
25831 434 225
25873 434 225
