596 235 409
686 235 409
719 235 408
735 235 408
770 235 408
800 235 408
841 235 408
858 235 408
907 235 408
972 236 408
2079 236 408
2086 236 406
2094 240 402
2103 246 397
2109 258 387
2118 268 379
2126 285 368
2134 293 363
2142 309 354
2151 325 344
2162 357 328
2166 375 318
2175 383 313
2184 419 295
2191 437 285
2201 457 273
2208 477 261
2216 496 249
2225 505 242
2232 522 231
2240 537 220
2248 543 217
2257 560 205
2267 563 203
2273 570 199
2281 575 195
2289 580 192
2297 583 190
2306 586 188
2316 589 186
2325 591 185
2331 594 183
2339 596 181
2347 598 180
2355 602 179
2363 604 177
2371 606 175
2379 609 173
2387 612 171
2396 615 170
2404 618 167
2416 623 163
2420 624 162
2428 628 159
2436 630 157
2448 634 154
2453 636 152
2460 638 149
2469 642 146
2479 644 144
2488 647 142
2494 649 140
2502 652 137
2515 656 133
2518 657 131
2527 661 126
2535 664 123
2543 668 118
2551 670 115
2559 674 110
2567 677 105
2575 678 103
2583 681 98
2592 683 94
2604 685 91
2613 687 87
2617 689 84
2625 690 81
2636 691 79
2641 692 77
2650 693 75
2657 693 74
2667 694 72
2675 694 71
2683 695 70
2690 695 69
2698 696 68
2706 696 67
2715 696 66
2723 697 64
2731 697 64
2740 698 63
2748 699 61
2755 699 60
2764 699 59
2774 700 58
2782 700 57
2788 700 57
2797 701 56
2807 701 56
2813 701 56
2822 701 56
2841 701 56
2927 701 55
3176 701 55
3183 699 55
3190 696 55
3202 687 59
3207 682 61
3216 670 67
3223 649 78
3231 633 87
3239 616 98
3247 596 112
3258 588 117
3263 571 128
3271 553 142
3281 538 151
3287 524 162
3299 513 170
3304 501 179
3312 493 185
3321 486 191
3328 482 193
3337 478 197
3346 473 201
3353 470 204
3361 467 206
3370 465 208
3378 463 210
3386 461 211
3400 460 213
3402 459 214
3410 458 215
3418 457 216
3427 456 217
3435 456 217
3443 454 218
3451 454 219
3460 453 219
3467 452 220
3475 451 221
3484 450 222
3492 450 222
3500 449 223
3508 449 223
3517 448 223
3525 448 223
3533 447 223
3542 447 223
3550 446 223
3558 446 223
3566 446 223
3574 446 223
3582 445 223
3590 445 223
3598 445 223
3607 445 223
3615 444 223
3623 444 223
3631 443 223
3641 443 223
3650 442 223
3656 442 223
3665 442 223
3673 442 223
3683 441 223
3688 441 223
3697 441 223
3705 440 223
3715 439 223
3721 437 222
3732 435 220
3738 432 217
3749 428 213
3754 423 208
3764 417 203
3770 412 196
3780 403 189
3787 396 182
3795 389 173
3806 379 165
3811 370 158
3819 360 150
3828 350 144
3839 340 136
3845 337 134
3852 322 123
3863 320 121
3869 314 118
3876 309 115
3885 305 113
3893 302 111
3901 299 109
3909 296 107
3918 293 106
3926 291 105
3934 289 104
3942 287 103
3951 285 102
3961 283 102
3967 282 101
3976 280 101
3983 278 100
3991 277 100
3999 276 100
4010 274 99
4016 272 99
4024 271 99
4033 269 98
4041 266 98
4049 264 97
4057 261 96
4065 256 95
4074 251 94
4081 249 93
4089 245 92
4098 242 91
4106 238 89
4116 235 88
4122 231 87
4130 228 85
4142 225 85
4147 223 84
4155 220 83
4163 218 82
4171 216 82
4180 213 81
4188 212 81
4198 211 80
4205 210 80
4212 208 79
4220 207 79
4229 206 78
4237 205 78
4245 204 78
4254 204 77
4262 203 77
4270 202 76
4278 201 76
4286 200 75
4295 200 75
4303 199 74
4311 198 74
4319 197 73
4327 196 72
4335 196 72
4343 195 71
4352 193 70
4362 193 69
4368 191 69
4376 191 68
4385 189 67
4393 189 66
4401 188 66
4409 187 65
4417 187 65
4425 186 64
4433 185 64
4443 185 63
4450 184 63
4458 183 62
4467 182 62
4474 181 61
4483 181 61
4491 180 60
4499 179 59
4508 179 59
4515 178 59
4524 178 59
4532 178 58
4540 178 58
4548 177 58
4557 177 58
4566 177 58
404 216 416
410 218 416
417 221 415
427 226 414
432 227 413
440 230 412
448 233 411
456 235 410
464 238 409
473 240 408
482 243 407
489 245 407
497 246 406
506 248 405
514 249 405
524 250 404
530 251 404
539 253 404
546 253 403
555 255 403
566 255 402
571 257 402
579 258 401
588 259 401
596 260 400
604 262 400
612 264 399
620 268 398
630 272 397
640 276 396
645 282 395
653 287 393
663 294 392
669 301 390
680 308 389
686 317 387
694 324 387
702 333 386
711 341 386
722 361 386
727 370 386
735 395 386
743 418 386
754 447 386
760 479 386
768 512 388
776 544 390
784 580 390
792 612 390
803 641 390
808 669 390
816 695 390
825 724 390
837 753 390
843 785 390
850 814 390
858 846 388
867 878 388
876 891 388
882 920 388
72279 646 450
4 218 420
352 219 420
355 220 420
363 221 420
371 223 420
379 224 420
387 226 419
396 228 419
403 229 418
411 231 418
420 232 418
428 234 417
436 235 417
444 236 417
452 238 416
460 240 416
468 241 416
480 243 415
485 244 415
494 245 415
502 247 415
509 248 415
517 249 414
526 249 414
539 250 414
543 251 414
551 251 414
559 251 414
567 252 414
575 252 414
583 252 414
601 252 414
641 252 414
658 253 414
674 253 414
691 253 414
698 253 414
709 254 414
714 254 414
722 254 414
730 254 414
740 255 414
748 255 414
756 255 414
764 256 414
772 256 414
781 256 414
788 256 414
796 257 414
813 257 414
1014 257 414
1027 257 414
1042 257 414
1050 258 414
1076 258 414
1109 258 414
1283 258 414
1313 258 414
1346 259 414
1377 259 414
1430 259 414
1486 259 414
1526 259 414
1593 259 414
1618 260 414
1640 260 414
1663 260 414
1689 260 414
1721 260 414
1747 261 414
1754 261 414
1770 261 414
1803 261 413
1854 261 413
1893 261 413
1902 261 413
1934 262 413
1968 262 413
1991 262 413
2066 262 413
2117 262 413
2359 262 413
2360 263 413
2367 263 413
2381 263 413
2383 263 413
2400 263 413
2417 264 413
2424 264 413
2442 264 413
2465 264 413
2490 264 413
2508 265 413
2522 265 413
2539 265 413
2547 265 413
2556 266 413
2564 266 413
2580 266 413
2588 266 413
2596 267 413
2604 267 413
2612 267 413
2621 268 413
2628 268 413
2636 269 413
2645 270 413
2653 270 413
2661 271 413
2669 271 413
2677 272 414
2686 273 414
2693 273 414
2702 274 414
2710 275 414
2718 275 415
2728 276 415
2734 276 415
2743 276 415
2751 277 416
2759 277 416
2767 277 416
2775 277 416
2785 278 416
2792 278 416
2800 278 416
2808 278 416
2825 278 416
2859 279 416
2884 279 416
2890 279 416
2899 279 416
2907 280 416
2916 280 417
2923 281 417
2932 282 417
2939 283 417
2948 284 417
2956 285 417
2964 287 417
2972 288 417
2980 291 418
2991 292 418
2997 297 418
3005 302 419
3013 309 420
3021 318 421
3030 328 422
3037 341 423
3047 356 425
3054 388 426
3063 407 428
3070 427 429
3078 438 429
3086 458 429
3095 497 429
3103 508 429
3111 543 429
3119 554 429
3127 574 429
3136 593 429
3143 613 429
3152 633 429
3160 651 429
3168 666 429
3176 680 429
3184 693 429
3193 704 428
3201 712 427
3209 723 426
3217 732 424
3226 742 423
3234 753 422
3242 765 422
3250 776 422
3258 788 422
3270 799 422
3275 808 422
3283 816 421
3291 825 421
3299 832 420
3307 839 419
3315 845 418
3325 850 417
3331 857 414
3340 860 414
3348 871 410
3356 876 408
3364 883 406
3372 890 405
3381 897 403
3389 908 402
3397 916 400
3405 925 399
3414 929 398
3422 936 397
13435 931 346
13435 924 347
13442 915 348
13447 906 349
13456 896 350
13463 887 351
13471 877 352
13481 868 353
13488 860 353
13496 851 353
13511 842 354
13512 835 354
13520 828 354
13529 819 354
13537 812 354
13545 804 354
23802 558 198
49639 690 275
49639 690 275
49645 690 275
50315 691 275
50317 701 275
50325 719 275
50333 741 275
50341 766 275
50348 792 275
50359 821 275
50364 853 275
50373 882 275
50381 891 275
50389 915 275
50398 938 275
51680 937 282
51681 937 282
51682 919 282
51690 899 282
51699 877 282
51707 854 282
51715 843 282
51724 821 284
51731 803 286
51741 786 289
51748 782 290
51755 762 294
51764 759 294
51772 753 296
51780 749 297
51788 746 297
51803 745 298
51805 744 298
51813 743 298
51821 743 298
51829 742 298
51838 742 298
51888 742 298
55713 742 298
55726 742 298
55734 743 298
55745 743 298
55749 743 298
55758 744 298
55765 746 299
55773 749 300
55781 754 301
55790 759 303
55798 768 304
55807 778 306
55814 789 307
55822 802 309
55830 814 312
55839 829 314
55847 858 318
55855 875 319
55864 884 320
55871 904 323
55879 921 324
57450 924 362
57451 924 362
57452 907 363
57459 892 363
57467 877 363
57475 862 363
57484 848 363
57492 835 363
57499 823 363
57508 810 363
57516 801 362
57524 791 361
57532 782 361
57540 773 360
57548 765 360
57556 756 359
57565 749 359
57573 742 358
57581 735 358
57589 732 358
57597 726 358
57605 721 358
57614 717 358
57622 714 358
57630 711 358
57642 709 358
57646 707 358
57655 706 358
57663 705 358
57671 705 358
57679 704 358
57696 704 358
58029 704 358
58075 705 358
58496 705 358
58518 705 358
58531 705 358
58547 705 358
58564 706 358
74873 706 358
74900 706 358
74915 706 358
74924 706 357
74933 706 357
74940 706 357
74948 706 357
74957 706 356
74965 706 356
74973 706 355
74980 706 355
74989 706 355
74997 706 354
75005 706 354
75013 706 353
75022 706 353
75031 706 351
75038 705 351
75046 705 350
75054 705 349
75063 705 347
75071 705 346
75079 704 344
75087 704 343
75095 703 342
75103 703 339
75112 703 338
75119 702 337
75128 702 336
75136 702 334
75147 701 332
75152 701 331
75161 701 330
75169 701 328
75177 701 327
75185 701 326
75195 701 325
75201 700 323
75209 700 322
75217 700 321
75225 700 319
75233 700 318
75242 699 317
75252 699 316
75258 699 314
75266 698 313
75274 698 312
75282 698 311
75291 698 308
75299 698 307
75308 698 306
75315 698 305
75324 698 303
75332 698 302
75340 698 301
75348 698 300
75357 698 299
75365 698 298
75374 698 296
75381 698 296
75389 697 294
75398 697 293
75406 697 292
75414 697 291
75423 697 290
75430 697 289
75438 697 288
75446 697 287
75455 697 285
75463 697 284
75471 697 282
75480 697 281
75487 697 279
75496 697 278
75504 697 277
75512 697 276
75520 697 275
75528 697 274
75538 697 273
75545 697 272
75553 697 271
75561 697 271
75569 697 270
75577 697 269
75586 697 269
75595 697 268
75602 698 267
75610 698 267
75619 698 266
75627 699 265
75635 699 265
75643 699 264
75653 699 263
75659 700 263
75668 700 262
75675 700 262
75684 700 261
75692 701 261
75700 701 261
75709 701 260
75716 701 260
75725 701 260
75733 701 260
75741 702 259
75750 702 259
75758 702 258
75766 702 258
75774 702 257
75782 703 257
75790 703 256
75799 703 256
75806 703 256
75815 703 256
75832 703 256
75840 703 255
75865 703 255
77350 703 255
80649 703 255
167930 576 207
168380 576 207
168382 577 207
168388 577 207
168397 578 207
168405 578 207
168413 578 207
168423 579 207
168429 579 207
168446 579 207
168471 579 207
168495 579 208
168545 579 208
196146 842 191
324 238 412
329 240 412
337 241 412
346 243 412
353 245 411
361 247 411
370 249 411
378 251 411
386 253 411
397 255 411
402 257 411
410 258 410
419 259 410
427 261 410
434 262 410
443 264 410
451 265 410
460 266 409
468 267 409
476 268 409
484 269 409
492 270 408
500 271 408
515 272 408
517 272 408
525 273 408
533 274 408
541 274 408
549 274 408
557 275 408
567 276 408
574 276 408
582 277 408
591 277 408
598 278 408
606 279 408
615 280 408
624 281 408
633 282 407
639 283 407
647 285 407
656 287 407
664 288 407
672 289 407
686 291 407
688 292 407
696 295 407
704 295 407
713 297 407
721 299 407
730 299 407
738 300 407
746 301 407
754 302 407
762 302 407
770 303 407
778 303 407
787 304 407
797 304 407
803 305 407
811 305 407
819 305 407
827 305 407
835 306 407
843 306 407
853 306 407
860 306 407
868 307 407
876 307 407
884 307 407
892 307 407
900 308 407
909 308 407
917 308 407
925 309 407
933 309 407
941 310 407
949 310 407
958 310 407
966 311 407
974 311 407
982 311 407
990 312 407
999 312 407
1007 312 407
1015 313 407
1024 313 407
1031 314 407
1040 314 407
1047 315 407
1056 316 407
1064 317 407
1072 318 407
1081 318 407
1089 320 407
1097 320 408
1106 321 408
1123 322 408
1123 322 408
1129 323 408
1138 324 408
1146 324 408
1154 325 409
1162 326 409
1170 326 409
1178 327 409
1187 328 409
1196 328 409
1204 329 409
1212 329 409
1220 329 409
1228 330 409
1236 330 409
1245 330 409
1252 330 409
1260 331 409
1269 331 409
1277 331 410
1285 331 410
1304 332 410
1309 332 410
1318 332 410
1342 332 410
1351 332 410
1376 332 410
1392 332 410
1409 333 410
1426 333 410
21573 333 410
21574 338 400
21582 355 377
21590 379 343
21605 413 292
21606 457 229
21614 509 156
21622 573 69
238519 934 273
238520 927 275
238520 924 276
238526 918 276
238537 914 278
238542 909 279
238551 904 279
238559 900 280
238567 897 280
238575 894 282
238583 891 282
238592 887 284
238600 884 284
238608 879 286
238616 874 287
238625 869 289
238633 865 290
238641 863 291
238651 858 293
238657 854 294
238665 851 296
238673 848 297
238683 846 298
238691 843 299
238698 842 300
238706 840 300
238714 839 301
238722 838 302
238730 837 302
238740 836 302
238746 835 303
238755 835 303
238764 835 304
238771 834 304
238779 834 304
238787 834 304
238798 834 305
238804 833 306
239310 833 306
239313 831 306
239321 829 306
239332 827 306
239336 826 307
239345 824 308
239353 822 308
239361 821 309
239369 819 310
239377 818 310
239385 816 311
239394 815 312
239401 814 312
239410 813 312
239418 811 313
239426 811 313
239434 810 313
239443 809 314
239451 809 314
239459 809 314
239467 808 314
239475 808 315
239483 807 315
239492 807 315
239500 806 315
239508 806 315
239516 806 315
239524 806 315
239533 805 315
239541 805 315
239549 805 315
239560 805 316
239565 804 316
239573 804 316
239581 804 316
239590 804 316
239598 803 316
239615 803 316
239623 803 316
239631 803 316
239639 802 317
239647 802 317
239655 802 317
239664 802 317
239672 801 317
239680 801 317
239688 801 317
239696 800 317
239705 800 318
239712 799 318
239721 799 318
239729 798 318
239738 798 318
239745 798 319
239754 797 319
239762 797 319
239770 796 319
239778 796 319
239786 795 319
239797 795 319
239803 795 320
239811 795 320
239819 794 320
239827 794 320
239836 794 320
239845 793 320
239853 793 320
239860 793 320
239868 793 320
239876 793 321
239884 792 321
239902 792 321
239909 792 321
239926 792 321
239942 791 321
239950 791 321
239958 791 321
239966 791 322
239976 791 322
239990 791 322
239999 791 322
240007 790 322
240024 790 322
240032 790 322
240048 790 322
240064 790 322
240073 790 322
240090 790 322
240097 789 322
240105 789 322
240122 789 323
240130 789 323
240138 788 323
240155 788 323
240171 788 323
240179 788 323
240187 788 323
240204 787 323
240229 787 324
240236 787 324
240252 787 324
240278 787 324
240285 786 324
240303 786 324
240318 786 324
240327 786 324
240343 785 325
240352 785 325
240369 785 325
240384 785 325
240401 785 325
240418 784 325
240442 784 325
240458 784 325
240466 784 325
240490 784 325
240507 784 325
240523 783 325
240540 783 326
240572 783 326
240590 783 326
240605 783 326
240638 783 326
240672 782 326
240688 782 326
240712 782 326
240770 782 326
240786 782 326
240845 782 326
240875 782 327
240917 782 327
240926 782 327
240967 781 327
240982 781 327
241009 781 327
241023 781 327
241089 781 327
241113 781 327
241171 781 327
241178 781 328
241222 781 328
241278 780 328
241301 780 328
241342 780 328
241385 780 328
241399 780 328
241415 780 328
241475 780 328
241481 780 328
241505 780 328
241539 780 329
241556 779 329
241732 780 329
241743 780 329
241760 780 328
241784 780 328
241809 780 328
241835 780 328
241849 781 328
241884 781 328
241948 781 328
241991 781 328
242039 781 328
242047 781 328
242088 782 328
242146 782 328
242168 782 328
242192 782 328
242209 782 328
242276 782 328
242300 782 328
242316 783 328
242365 783 328
242399 783 327
242465 783 327
242546 783 327
242558 783 327
242605 783 327
242643 783 327
242794 783 327
242798 784 327
242807 784 327
242821 784 327
242822 784 326
242831 785 326
242839 785 326
242847 786 326
242855 787 326
242864 787 326
242875 788 326
242880 789 326
242888 789 325
242896 790 325
242904 790 325
242912 791 325
242921 792 325
242930 792 325
242938 793 324
242946 794 324
242953 794 324
242962 795 324
242969 796 323
242978 797 323
242987 798 323
242995 799 323
243002 800 323
243011 802 322
243019 803 322
243027 804 322
243035 806 321
243045 808 321
243052 810 321
243060 812 320
243068 813 320
243076 815 319
243084 816 319
243093 818 319
243101 820 318
243110 822 318
243117 827 317
243125 832 316
243133 838 316
243142 845 315
243150 855 314
243158 864 313
243167 873 313
243175 881 312
243182 888 311
243191 897 311
243199 904 311
243207 911 310
243216 918 309
243223 927 308
243231 935 306
243417 920 301
243417 920 301
243420 884 303
243429 841 312
243437 784 323
243445 723 338
243453 694 347
243462 638 361
243469 588 376
243477 573 381
243485 541 392
243493 515 400
243501 495 407
243512 478 413
243517 465 416
243526 462 417
243534 455 420
243543 450 421
243551 446 423
243559 443 424
243567 441 424
243575 440 425
243583 439 426
243591 439 426
243608 439 426
243624 439 426
243733 439 426
243748 439 426
243765 440 426
243781 440 426
243788 440 426
243797 440 426
243805 441 426
243814 444 424
243822 454 420
243829 468 414
243837 505 398
243846 542 382
243854 565 376
243861 611 361
243871 660 345
243879 704 335
243887 743 325
243895 756 322
243903 785 315
243910 810 309
243919 828 305
243928 842 301
243936 847 300
243943 855 298
243952 862 296
243960 866 296
243968 871 294
243976 873 294
243985 874 293
243994 875 293
244000 876 293
244009 877 293
244017 877 293
244025 877 293
244034 877 293
244042 878 293
244191 877 293
244215 877 293
244222 877 293
244239 877 293
244254 876 293
244263 876 293
244271 876 293
244280 876 293
244288 874 293
244296 874 293
244304 870 293
244311 859 294
244320 844 298
244328 824 303
244337 795 312
244350 763 319
244352 731 330
244361 699 340
244369 666 351
244378 637 360
244386 610 370
244393 601 373
244402 582 380
244410 564 386
244418 552 391
244426 539 396
244435 529 400
244443 520 403
244450 518 403
244459 512 406
244467 508 407
244475 505 408
244483 503 408
244491 502 408
244500 502 409
244508 501 409
244516 501 409
244524 501 410
244566 501 410
244606 501 410
244614 501 410
244623 502 410
244632 502 410
244639 509 409
244647 517 407
244655 535 404
244664 574 394
244672 618 386
244680 641 382
244689 688 373
244697 740 364
244705 788 357
244712 827 352
244720 863 348
244729 895 342
244737 924 341
244747 935 340
248105 938 264
248106 938 264
248109 932 264
248116 927 264
248126 920 264
248133 914 264
248142 911 264
248150 902 264
248158 897 264
248166 893 264
248174 890 264
248182 886 264
248193 881 264
248199 877 264
248207 874 264
248215 872 264
248223 870 264
248231 868 264
248240 866 264
248247 865 264
248255 863 264
248263 863 264
248272 862 264
248280 861 264
248289 861 264
248297 861 264
248305 861 264
248312 860 264
248329 860 264
250154 860 264
250155 861 264
250163 861 264
250172 861 264
250178 861 264
250186 862 264
250195 862 264
250203 862 264
250211 863 264
250219 863 264
250228 864 264
250236 864 264
250244 865 264
250253 868 264
250260 870 264
250268 874 265
250276 880 265
250284 885 266
250294 892 267
250301 901 268
250309 910 269
250317 920 270
250325 931 272
444595 545 109
490536 501 264
491208 501 264
491213 504 264
491221 508 264
491229 514 263
491238 521 263
491245 531 260
491253 546 259
491262 559 257
491269 571 256
491279 586 255
491288 599 253
491294 611 253
491302 624 252
491310 635 252
491318 639 252
491327 647 252
491336 656 252
491346 663 252
491351 669 252
491359 679 252
491367 685 252
491376 690 252
491383 697 251
491392 706 250
491400 713 250
491408 721 249
491416 730 248
491424 739 247
491432 747 246
491440 756 245
491449 767 244
491458 777 242
491465 790 240
491473 800 239
491482 813 239
491490 826 238
491498 838 237
491510 853 236
491514 868 235
491522 881 235
491530 893 232
491539 906 232
491548 917 230
491556 925 229
491567 934 228
492694 936 244
492695 936 244
492696 923 246
492702 918 247
492710 907 248
492718 900 249
492726 895 249
492735 890 250
492743 887 251
492752 885 251
492759 884 251
492769 883 251
492778 883 251
492784 883 251
492795 882 251
492811 882 251
492826 882 251
492842 882 251
492876 882 251
492976 881 251
493296 882 251
493299 889 249
493308 898 247
493322 905 244
493324 912 243
493332 919 242
493340 926 240
5 218 400
991 219 400
995 220 400
1004 222 400
1011 226 400
1019 228 400
1032 231 400
1036 234 400
1043 238 400
1053 241 400
1060 243 400
1068 246 400
1077 249 400
1084 251 400
1094 254 400
1101 257 400
1109 262 400
1117 266 400
1127 268 400
1134 271 400
1142 275 400
1150 281 401
1158 283 401
1167 287 401
1176 291 402
1182 294 402
1190 298 402
1199 302 402
1207 305 403
1215 310 403
1224 314 403
1232 317 404
1240 320 404
1249 323 404
1256 326 404
1264 328 404
1272 329 404
1280 330 405
1297 332 405
1299 332 405
1305 333 405
1313 333 405
1321 333 405
1330 333 405
1338 334 405
1348 334 405
1371 334 405
1388 334 405
1396 334 405
1438 334 405
1486 335 405
17254 335 405
17255 337 405
17263 340 405
17272 346 405
17288 350 405
17290 355 405
17295 362 405
17303 371 405
17312 381 405
17320 392 405
17328 405 404
17337 417 403
17344 430 401
17353 445 398
17360 471 395
17369 490 393
17377 510 392
17385 533 392
17394 559 392
17401 591 392
17410 623 392
17417 659 392
17428 695 392
17434 731 392
17444 763 392
17450 775 392
17458 801 392
17467 824 392
17475 841 392
17483 859 392
17491 873 392
17500 886 392
17508 897 392
17515 905 392
17524 914 392
17532 917 393
17540 921 393
17548 924 394
17558 927 395
17565 928 395
17573 930 395
17581 930 395
17589 931 395
17597 931 395
17606 932 396
17614 933 396
17622 935 396
43962 656 52
44420 656 51
44426 660 38
44434 669 24
44442 677 8
341 240 408
344 241 408
352 242 407
361 245 406
369 247 405
377 250 403
386 252 402
393 255 401
401 257 400
409 260 398
420 262 397
430 263 397
434 265 396
442 267 396
450 268 395
458 269 394
469 271 394
476 272 393
483 273 393
490 274 392
499 276 391
508 277 391
515 278 390
524 280 390
532 281 389
540 281 389
548 282 389
557 283 388
564 284 388
573 285 387
581 285 387
589 287 387
599 288 386
604 290 385
614 292 384
622 294 383
638 296 382
640 299 381
646 302 380
655 305 379
662 307 378
670 310 377
681 313 376
688 315 375
696 318 374
703 321 373
714 324 372
724 326 372
728 329 371
736 332 371
746 334 371
753 336 370
761 337 370
770 338 370
777 339 370
784 340 370
793 340 370
801 341 370
810 341 370
818 341 370
834 341 370
981 342 370
983 342 370
990 344 370
1006 346 370
1006 348 370
1023 351 370
1025 355 370
1031 359 370
1039 365 370
1047 369 370
1057 376 370
1064 381 370
1072 387 370
1080 394 370
1088 401 370
1096 409 370
1105 418 371
1112 431 373
1121 441 376
1129 454 378
1137 469 382
1145 479 384
1154 492 387
1162 501 388
1176 511 389
1178 514 389
1186 521 390
1196 528 391
1203 539 392
1211 541 392
1218 550 392
1228 555 392
1235 559 392
1245 564 393
1251 571 393
1259 578 394
1267 585 394
1276 590 395
1285 597 396
1292 604 396
1300 611 397
1308 614 397
1316 620 397
1326 625 397
1333 634 397
1344 636 397
1349 642 397
1357 650 397
1366 656 397
1374 660 398
1382 663 398
1390 667 398
1399 671 398
1407 676 399
1415 683 400
1423 687 401
1432 691 401
1439 696 402
1448 702 402
1456 707 403
1464 714 404
1472 720 405
1480 722 405
1488 728 406
1497 731 406
1508 735 406
1513 740 406
1521 744 406
1529 750 406
1539 754 406
1546 760 406
1554 765 406
1564 772 405
1570 779 404
1579 787 403
1586 794 402
1595 801 401
1603 804 400
1611 815 398
1621 818 397
1628 823 396
1636 832 395
1644 834 395
1652 839 394
1661 846 394
1668 849 394
1676 858 394
1685 862 394
1693 868 394
1702 872 394
1990 873 393
1993 877 392
2001 880 391
2011 883 390
2017 886 389
2025 888 388
2034 890 387
2041 894 387
2050 897 386
2058 900 386
2066 903 385
2077 904 385
2082 904 385
2090 905 385
2099 906 385
2107 906 385
2116 906 385
2123 907 385
2131 907 384
2139 907 384
2147 908 384
2155 908 384
2164 909 384
2172 910 384
2180 910 384
2188 911 383
2196 911 383
2207 912 383
2213 912 383
2221 912 383
2229 912 383
2247 913 383
2320 913 383
2363 913 383
2380 913 383
2537 913 383
2843 913 383
2844 916 383
2852 921 383
2861 928 383
2869 936 382
34710 836 457
