1604 443 306
3373 308 42
4428 574 588
5885 514 33
21021 435 698
21023 314 606
21024 304 40
21026 341 653
21028 279 33
21030 308 592
21031 647 38
21033 447 33
21034 305 33
21035 261 1527
22640 612 1369
23913 480 33
24798 402 628
26157 318 44
27187 570 683
28602 137 33
2100 343 465
3495 659 34
4165 439 490
13998 408 414
15256 474 34
16075 447 610
16880 447 610
21336 668 42
23403 463 33
42380 288 34
42383 1524 21
42385 1524 20
42388 1524 19
42389 1524 18
42391 1524 17
42392 1523 17
42394 1521 17
42400 1518 18
42402 1517 19
42403 1512 21
42405 1508 24
42406 1503 27
42407 1493 33
42409 1482 40
42410 1472 45
42412 1458 53
42413 1443 61
42414 1422 73
42416 1398 87
42417 1377 97
42418 1352 113
42419 1324 131
42420 1287 153
42422 1263 169
42423 1225 195
42424 1191 217
42426 1146 243
42427 1120 258
42428 1073 287
42429 1036 309
42431 996 332
42432 956 353
42433 922 373
42434 884 393
42436 845 413
42437 810 429
42439 783 443
42440 759 456
42441 736 469
42442 715 479
42443 693 489
42445 681 495
42446 665 501
42447 653 506
42448 640 510
42449 629 513
42451 618 516
42452 609 517
42453 594 520
42454 586 520
42456 577 521
42457 567 524
42459 559 525
42460 544 529
42461 533 533
42462 520 537
42464 503 545
42465 482 555
42466 470 563
42468 448 577
42469 429 590
42470 410 605
42472 389 622
42473 377 633
42474 368 641
42475 357 652
42476 345 662
42478 337 670
42479 331 675
42480 321 683
42482 312 689
42483 306 694
42484 300 698
42485 294 702
42487 288 705
42488 280 709
42489 276 713
42490 269 716
42492 264 719
42493 261 720
42494 219 720
42495 218 720
42497 216 720
42498 216 719
42499 215 719
42501 215 718
42502 214 717
42504 214 716
42505 215 716
42506 216 715
42508 216 714
42509 216 713
42510 217 713
42512 218 711
42513 219 711
42515 220 709
42516 220 708
42517 221 707
42519 222 705
42520 224 703
42521 224 702
42523 227 700
42524 228 697
42525 231 694
42527 234 690
42528 236 687
42529 240 685
42531 242 681
42532 244 677
42534 247 673
42535 248 670
42536 251 667
42538 252 663
42539 255 657
42540 257 653
42542 260 647
42543 262 641
42544 263 638
42546 264 637
42547 267 634
42549 271 629
42550 275 625
42552 280 618
42553 286 610
42554 292 601
42555 296 596
42557 300 588
42559 309 578
42561 315 571
42562 322 563
42563 330 554
42565 344 540
42566 352 533
42567 362 523
42569 374 512
42570 380 506
42571 386 501
42573 394 494
42574 400 489
42576 404 486
42577 412 481
42579 415 477
42580 420 474
42581 424 471
42583 428 468
42584 431 465
42586 435 462
42587 438 460
42588 442 457
42589 446 455
42592 448 453
42593 452 451
42595 455 449
42596 459 448
42598 461 447
42599 464 445
42601 467 444
42602 469 442
42603 469 441
42605 470 441
42606 471 441
42607 472 441
42609 476 439
42611 483 437
42612 496 433
42613 501 431
42615 521 423
42616 533 414
42617 540 408
42618 545 400
42620 547 393
42621 549 384
42623 552 371
42624 553 353
42625 556 337
42627 557 319
42628 559 305
42630 560 288
42631 563 273
42632 564 259
42634 566 248
42635 567 237
42637 569 223
42638 570 213
42640 572 202
42641 573 193
42643 574 185
42644 576 177
42645 576 169
42647 577 162
42648 577 156
42649 579 149
42651 580 141
42652 582 134
42654 584 128
42655 587 120
42656 588 115
42658 590 111
42659 592 106
42660 593 101
42662 595 98
42663 596 95
42664 598 91
42666 598 88
42667 600 84
42668 601 81
42670 602 78
42671 603 75
42672 604 70
42674 604 68
42675 604 65
42676 604 63
42677 605 60
42679 605 58
42680 605 57
42682 606 56
42683 606 55
42684 606 54
42686 606 53
42687 606 52
42689 606 51
42690 606 50
42691 606 51
42693 606 52
42694 605 52
42695 605 53
42697 604 54
42699 604 55
42700 604 56
42701 604 57
42703 603 57
42704 603 58
42706 602 60
42707 601 61
42709 600 65
42710 599 67
42712 596 73
42713 595 76
42714 592 82
42716 588 90
42717 584 105
42718 578 122
42720 574 140
42721 568 161
42722 561 185
42724 555 212
42725 548 238
42726 539 268
42728 530 299
42729 522 329
42731 515 357
42732 504 389
42734 493 423
42735 483 452
42736 471 480
42738 460 504
42739 451 525
42740 443 544
42742 433 563
42743 426 575
42744 418 589
42746 412 599
42747 404 609
42749 398 617
42750 390 625
42751 384 631
42753 376 637
42754 371 644
42755 364 649
42757 360 655
42758 356 661
42760 351 667
42761 348 671
42763 345 675
42764 343 679
42765 341 683
42767 339 686
42768 338 689
42770 336 691
42771 336 693
42772 335 696
42773 333 698
42775 332 700
42776 332 702
42777 332 704
42779 332 705
42780 331 707
42781 331 709
42783 330 709
42784 328 712
42785 327 714
42787 324 717
42788 321 720
43451 257 720
43453 259 718
43459 264 714
43466 267 711
43473 270 707
43480 273 703
43487 276 700
43494 279 696
43500 281 693
43507 284 688
43515 288 685
43521 289 680
43528 292 673
43535 296 668
43542 300 659
43549 305 649
43556 309 640
43563 314 631
43570 319 621
43577 323 612
43584 327 603
43591 329 596
43598 332 590
43604 332 586
43612 333 582
43618 334 579
43625 334 577
43632 334 574
43641 334 572
43646 333 569
43654 331 568
43660 328 566
43668 324 565
43674 318 565
43681 311 564
43688 302 564
43695 292 564
43702 280 565
43709 266 570
43716 256 576
43723 244 585
43730 232 595
43737 223 605
43743 215 616
43751 206 628
43757 199 639
43764 192 650
43771 188 659
43778 184 666
43785 183 673
43792 182 678
43799 182 685
43806 184 690
43813 184 697
43820 185 700
43827 188 705
43834 191 709
43841 193 712
43848 196 716
43855 198 718
43862 200 720
58634 237 720
58640 241 714
58646 247 705
58654 252 695
58660 260 685
58667 268 675
58674 276 664
58681 284 655
58688 290 648
58695 296 641
58702 301 637
58709 305 633
58716 311 629
58723 316 625
58730 321 622
58736 326 619
58744 332 615
58750 336 612
58757 339 610
58765 343 607
58771 348 604
58778 352 601
58785 356 600
58792 360 597
58799 362 597
58807 364 595
58813 366 594
58820 368 593
58827 369 593
58834 370 593
58862 369 593
58870 369 596
58875 368 597
58882 366 600
58889 363 604
58896 360 609
58903 355 615
58911 349 621
58917 344 626
58924 339 632
58931 334 637
58938 329 641
58945 323 648
58952 319 651
58958 315 654
58965 309 658
58972 304 661
58979 300 665
58986 294 669
58993 288 675
59000 282 681
59007 276 687
59014 272 693
59021 268 697
59028 264 702
59035 261 706
59042 259 710
59049 256 713
59057 255 715
59063 253 717
59070 252 720
59074 251 720
64704 288 661
64709 310 638
64716 335 615
64724 371 581
64730 412 541
64737 457 499
64744 494 465
64751 536 431
64758 572 401
64764 624 361
64772 667 329
64778 702 304
64785 736 276
64792 763 255
64799 790 231
64806 808 213
64814 828 191
64820 840 177
64827 859 158
64834 870 146
64841 881 134
64848 896 119
64854 906 109
64861 913 101
64868 921 93
64875 928 85
64882 934 79
64889 939 73
64897 943 68
64904 948 61
64910 952 57
64917 956 52
64924 960 45
64932 965 39
64938 968 34
64945 972 29
64951 975 27
64959 977 23
64965 979 20
64972 981 17
64979 983 14
64986 984 13
64993 986 11
65000 988 9
65007 990 6
65014 992 4
65021 995 2
65029 997 0
119559 328 0
119563 328 2
119570 327 6
119577 327 10
119584 328 14
119590 331 19
119598 334 23
119604 339 29
119611 343 33
119619 348 38
119625 354 43
119632 360 47
119640 367 52
119646 372 55
119653 379 59
119660 387 63
119667 393 66
119674 400 69
119682 409 74
119688 418 77
119695 425 81
119702 433 84
119709 440 86
119716 447 88
119722 455 89
119729 463 91
119736 472 93
119743 480 93
119750 488 93
119757 498 93
119764 506 93
119771 516 92
119778 525 89
119785 532 89
119792 539 85
119799 544 85
119806 549 82
119813 555 81
119820 557 80
119827 560 80
119834 561 78
119840 563 78
119847 564 77
119855 566 77
119861 567 77
119868 568 77
119875 569 76
119882 572 76
119889 574 76
119896 577 75
119903 584 74
119910 590 73
119917 597 72
119924 604 69
119931 614 68
119939 624 65
119945 634 62
119952 644 59
119958 655 56
119966 664 53
119973 672 49
119980 680 46
119986 687 44
119994 692 41
120000 696 38
120007 699 37
120014 700 36
120022 701 36
120043 701 35
120307 701 34
120363 698 34
120369 696 34
120377 691 34
120384 687 34
120390 683 34
120397 677 34
120403 671 34
120411 664 34
120418 659 34
120424 652 34
120431 645 34
120438 639 33
120445 633 33
120451 628 33
120458 625 33
120465 622 33
120472 619 33
120481 616 33
120486 615 33
120493 613 33
120500 612 33
120507 611 33
120514 610 33
120521 609 33
120621 609 33
120974 611 33
120979 612 33
120990 613 33
120993 614 33
121000 615 33
121007 617 32
121015 624 32
121021 628 32
121028 636 32
121035 642 32
121042 651 33
121049 660 33
121057 669 33
121064 678 33
121070 688 33
121077 696 33
121083 706 33
121090 715 33
121098 723 33
121105 731 33
121111 738 33
121118 744 33
121125 749 33
121132 754 33
121139 758 33
121146 760 33
121153 762 32
121160 764 32
121167 764 31
121295 764 31
129670 767 31
129674 769 31
129681 771 31
129685 775 31
129686 776 31
129687 778 31
129701 792 31
129702 796 31
136393 356 0
136394 359 1
136396 364 2
136398 368 3
136399 372 5
136400 375 5
136402 377 6
136403 378 6
136406 379 7
136408 380 7
136412 380 8
136413 380 8
136415 380 7
136416 381 6
136418 382 6
136421 383 5
136423 384 5
136424 386 4
136425 386 3
136427 388 2
136428 388 1
136429 391 1
136430 392 0
136431 301 0
136432 304 7
136436 311 17
136437 317 27
136438 324 39
136439 334 53
136440 342 66
136441 353 84
136443 361 99
136445 372 121
136446 380 139
136447 388 158
136451 398 184
136452 408 206
136453 417 233
136454 427 257
136456 439 289
136457 452 323
136458 464 353
136459 477 389
136460 491 425
136462 503 457
136463 513 486
136466 523 513
136468 529 530
136469 535 549
136470 541 564
136471 546 576
136473 550 586
136474 553 592
136475 556 596
136476 560 600
136478 562 601
136481 564 602
136482 567 602
136483 568 601
136484 568 600
136486 565 597
136487 562 596
136489 562 597
136490 564 601
136491 568 613
136493 572 622
136496 576 636
136498 580 649
136499 583 659
136501 586 669
136502 588 677
136503 592 685
136504 594 692
136506 596 699
136507 600 707
136511 601 712
136512 604 717
136513 607 720
136515 640 720
136516 640 719
136517 642 709
136518 644 700
136519 645 687
136521 645 681
144010 896 51
144014 896 52
144021 894 53
144028 893 53
144035 892 54
144042 890 55
144049 888 57
144056 885 59
144063 882 61
144070 878 64
144077 872 68
144084 868 72
144090 861 78
144097 855 84
144104 849 89
144111 842 94
144118 836 100
144126 828 106
144132 822 112
144139 814 118
144146 808 122
144153 801 127
144160 792 133
144167 785 139
144174 779 144
144181 772 149
144188 767 153
144195 761 157
144201 757 160
144209 752 163
144215 749 166
144222 746 169
144229 743 173
144236 740 175
144243 737 177
144251 735 181
144257 732 183
144264 731 185
144271 729 189
144278 728 191
144285 727 192
144292 726 194
144299 725 195
144305 724 197
144314 724 198
144321 724 200
144327 723 200
144334 722 202
144341 721 203
144347 720 204
144354 720 205
144366 720 206
144369 719 206
144376 719 207
144382 718 207
144389 718 208
144396 717 208
144403 717 209
144413 716 210
144419 716 211
144431 715 213
144438 714 214
144445 712 216
144452 711 217
144459 709 220
144466 708 221
144472 706 223
144480 705 225
144486 704 227
144493 703 228
144500 702 229
144507 701 229
144514 700 229
144521 700 230
