56 515 416
66 515 415
82 516 415
89 516 414
95 517 414
103 517 413
110 518 413
131 519 412
137 520 412
158 520 411
165 520 410
172 521 410
179 521 409
186 522 409
193 523 409
200 524 408
206 525 407
214 525 406
220 527 406
228 528 405
234 529 404
241 530 403
248 531 403
256 531 402
262 531 401
269 532 400
276 532 397
283 532 394
290 534 392
297 536 388
304 537 384
311 540 378
319 544 372
325 546 365
335 549 357
339 552 348
346 556 339
352 558 330
359 560 323
366 561 317
373 562 310
381 564 305
388 564 299
395 566 293
401 567 285
408 568 278
415 569 271
422 570 265
429 571 257
436 571 249
443 572 241
450 572 231
457 572 222
464 572 214
472 572 205
478 572 198
484 572 193
491 572 189
498 572 185
505 572 180
512 572 177
520 572 173
531 572 172
535 572 170
541 572 169
561 572 168
569 570 165
575 570 163
582 569 159
589 568 156
595 568 153
603 568 150
609 568 149
616 568 148
666 568 147
675 568 146
679 568 145
686 570 143
693 572 140
700 575 138
707 575 137
714 576 136
721 576 133
727 578 129
734 578 124
741 579 119
748 580 113
755 580 106
762 582 101
769 582 96
776 583 91
784 584 86
790 584 81
798 586 74
804 587 71
813 588 66
818 588 63
825 588 59
832 588 58
838 588 55
846 588 54
852 588 53
860 588 51
866 588 49
873 588 48
880 588 46
887 588 44
894 588 42
902 588 41
908 588 39
915 588 38
922 588 37
929 588 36
936 588 35
957 588 34
1283 588 35
1298 587 37
1305 586 41
1311 584 46
1318 582 51
1325 578 60
1333 576 69
1339 572 79
1346 569 89
1353 568 96
1360 566 102
1366 565 108
1373 565 113
1380 565 116
1387 565 118
1394 566 119
1401 566 120
1454 567 120
1461 568 119
1464 568 118
1471 568 116
1477 570 112
1484 572 108
1491 574 102
1498 575 97
1505 576 93
1513 578 86
1519 580 79
1526 581 73
1534 583 67
1540 583 62
1547 584 57
1554 584 53
1561 584 49
1568 584 44
1575 584 42
1582 583 40
1588 582 37
1595 582 35
1604 582 34
1610 582 33
2274 582 34
2282 583 34
2287 584 34
2290 584 35
2297 584 36
2304 586 37
2311 587 37
2318 588 38
2325 590 40
2333 592 41
2339 595 42
2347 597 44
2353 599 45
2360 601 47
2367 604 49
2374 607 51
2381 608 53
2387 612 56
2394 615 58
2401 617 61
2408 621 65
2415 624 69
2424 627 73
2429 630 78
2437 633 82
2443 636 89
2450 640 95
2457 644 103
2464 649 113
2471 654 121
2478 660 135
2485 666 145
2491 672 158
2499 678 167
2505 684 177
2513 688 184
2519 692 189
2526 696 195
2533 699 200
2541 702 204
2548 703 206
2554 704 209
2562 704 211
2568 704 213
2575 704 214
2582 704 215
2589 704 217
2682 704 216
2686 704 215
2693 704 213
2701 702 209
2707 700 206
2713 696 203
2721 693 201
2727 688 199
2734 680 198
2741 674 197
2748 668 197
2755 660 196
2762 651 196
2769 642 197
2776 635 197
2784 627 200
2791 619 202
2798 614 203
2804 606 205
2811 597 209
2818 589 211
2825 579 213
2832 566 217
2839 556 221
2846 544 225
2853 528 231
2860 513 237
2866 500 241
2874 484 248
2880 465 256
2887 444 264
2894 424 272
2901 406 280
2908 392 286
2915 378 294
2922 364 302
2929 355 308
2936 346 313
2943 339 317
2950 334 321
2957 331 323
2963 327 325
2971 325 328
2977 322 329
2984 321 331
2991 320 331
2999 320 332
3005 320 333
3012 320 334
3019 320 335
3026 320 337
3033 319 338
3041 319 341
3047 318 343
3054 317 345
3061 316 345
3068 314 346
3078 312 347
3082 311 347
3089 308 348
3096 304 349
3103 299 351
3110 294 352
3117 288 352
3124 284 352
3131 278 352
3138 272 352
3144 267 352
3151 260 352
3158 256 350
3165 252 349
3173 246 349
3179 242 348
3186 238 347
3193 234 346
3201 230 345
3207 227 345
3215 224 344
3221 221 344
3228 219 344
3235 216 343
3242 212 342
3249 209 341
3256 204 341
3263 201 341
3270 198 341
3277 196 341
3283 193 341
3290 192 340
3304 192 339
3333 191 339
3435 192 339
3450 193 339
3458 196 338
3464 200 338
3471 204 337
3478 207 335
3484 212 335
3491 218 334
3498 224 333
3505 231 331
3512 239 330
3519 244 329
3526 249 329
3533 255 328
3541 259 327
3547 261 327
3555 264 327
3604 263 327
3610 262 327
3617 260 327
3624 258 327
3630 256 327
3637 255 327
3644 253 327
3651 252 327
3658 250 327
3665 248 327
3672 247 327
3679 245 327
3686 244 327
3693 243 327
3702 241 327
3709 240 327
3832 240 326
4104 241 326
4948 242 326
4956 243 325
4971 244 325
4978 244 324
5023 244 323
5889 244 322
5895 244 323
5901 244 322
11048 759 1276
12819 598 596
14298 463 38
15321 386 573
16207 272 692
17503 676 33
18352 433 512
20153 267 33
21559 584 624
35589 429 20
36342 463 596
37536 696 32
47441 298 37
48727 72 33
