5 225 412
548 225 412
550 227 412
558 230 412
567 232 412
573 235 412
582 239 412
591 242 413
597 246 414
606 251 415
614 254 416
625 259 418
634 261 419
638 264 420
647 267 422
655 270 423
662 272 424
671 275 426
679 277 428
687 280 430
695 282 431
703 283 432
712 285 433
721 288 435
729 290 436
741 291 437
744 293 438
752 295 439
761 298 441
769 300 442
777 302 443
785 304 443
794 306 444
802 308 444
810 310 445
818 312 445
826 315 446
835 317 446
845 320 447
851 324 448
858 327 448
868 330 448
876 334 448
884 337 448
893 340 448
912 347 448
913 351 448
917 356 447
925 361 445
934 366 442
941 372 439
950 376 437
957 379 435
965 383 432
980 388 430
983 392 427
990 398 422
998 400 421
1005 406 417
1014 410 414
1023 412 413
1031 416 410
1040 419 408
1047 422 406
1055 425 404
1064 427 403
1072 430 401
1081 432 399
1088 435 397
1097 436 396
1106 438 395
1113 441 391
1122 442 390
1129 444 389
1137 446 387
1148 449 384
1153 451 382
1161 453 381
1169 455 379
1178 457 376
1186 460 374
1195 462 372
1204 465 370
1210 466 369
1218 467 368
1229 469 366
1235 470 366
1245 471 365
1252 472 364
1260 472 363
1268 473 362
1277 474 361
1284 475 361
1293 476 359
1300 477 358
1309 478 357
1317 480 356
1325 481 355
1334 482 353
1341 484 352
1349 485 351
1359 487 350
1366 489 348
1375 490 347
1382 493 345
1390 495 344
1400 497 343
1407 501 340
1416 503 340
1424 506 339
1432 511 336
1441 513 335
1448 517 334
1457 523 330
1464 529 327
1947 529 327
1949 532 326
1957 535 326
1967 539 324
1971 542 324
1980 546 323
1988 551 321
1996 553 320
2004 560 319
2013 564 317
2024 569 317
2030 574 315
2037 576 314
2045 582 312
2053 586 311
2062 591 309
2071 596 307
2082 600 306
2086 607 303
2094 608 303
2102 615 300
2112 619 298
2120 623 296
2127 628 294
2136 632 292
2143 636 290
2152 638 288
2160 643 285
2168 646 283
2176 649 281
2184 652 278
2195 655 277
2200 657 274
2209 660 272
2217 661 271
2225 664 268
2233 665 267
2241 667 264
2253 669 263
2258 670 260
2266 673 259
2274 675 256
2282 676 254
2291 678 251
2299 680 249
2310 682 246
2315 684 244
2323 685 240
2331 687 238
2339 689 236
2348 690 234
2356 692 231
2367 693 230
2372 694 228
2380 695 226
2389 696 224
2397 698 222
2405 699 220
2413 700 218
2422 703 215
2430 705 213
2438 707 211
2446 709 209
2454 710 207
2462 712 206
2471 713 205
2482 714 204
2486 716 203
2495 716 203
2503 718 202
2511 719 201
2520 720 201
2529 721 201
2537 722 201
2544 723 201
2552 724 201
2562 725 201
2570 727 201
2577 727 201
2585 729 201
2596 730 201
2602 731 201
2611 732 201
2618 734 201
2626 736 203
2634 737 204
2643 742 207
2654 743 208
2661 747 212
2667 749 214
2675 753 218
2684 754 220
2691 756 223
2699 757 225
2708 758 227
2716 760 229
2724 760 230
2732 761 231
2740 761 232
2749 761 232
2757 761 233
2766 761 233
2773 761 233
3257 761 233
3258 755 230
3265 743 223
3275 738 221
3281 727 214
3290 715 208
3302 704 202
3306 693 197
3315 681 191
3322 672 186
3331 663 182
3339 653 178
3348 642 174
3355 632 171
3363 619 168
3371 593 161
3379 586 160
3388 554 154
3398 534 150
3404 523 148
3412 504 144
3420 484 141
3430 466 137
3437 449 133
3447 432 129
3453 417 125
3460 400 121
3471 385 117
3478 368 112
3485 353 108
3494 338 103
3503 322 97
3513 311 93
3517 307 90
3526 298 85
3534 292 82
3542 285 78
3552 282 76
3561 279 74
3567 277 72
3577 275 70
3584 273 69
3592 271 68
3600 270 65
3608 268 64
3616 267 62
3625 266 59
3632 265 57
3641 265 55
3649 264 52
3657 264 51
3665 264 50
3674 264 49
3682 264 48
3690 264 48
3699 264 47
3707 264 47
3714 264 46
3723 264 46
3731 265 46
3740 265 45
3747 265 45
3755 266 45
3765 266 45
3772 266 44
3780 266 44
3790 267 44
3814 267 44
3908 267 44
4422 268 44
4428 271 44
4439 275 44
4444 279 46
4453 284 47
4463 290 49
4468 295 51
4479 302 53
4484 308 56
4493 313 58
4501 319 61
4510 325 65
4518 332 68
4525 340 73
4534 347 79
4543 355 85
4553 364 92
4558 372 99
4566 381 108
4575 389 115
4584 397 125
4595 406 134
4600 414 145
4607 422 155
4615 430 165
4625 437 174
4631 443 182
4640 450 192
4648 454 200
4659 459 207
4665 463 214
4677 466 220
4680 470 228
4687 474 237
4696 478 246
4704 482 256
4713 488 268
4722 492 278
4729 498 292
4738 502 304
4746 509 318
4754 513 328
4763 517 337
4771 518 340
4779 524 354
4787 527 361
4796 529 368
4803 532 375
4811 535 383
4819 538 394
4833 541 405
4837 544 415
4845 546 426
4853 549 436
4862 550 440
4868 551 446
4878 552 451
4886 553 453
4893 553 455
4902 554 457
4909 554 457
4918 554 457
4928 554 457
4961 554 457
4979 554 457
4983 555 455
4992 557 453
5000 559 450
5008 561 445
5016 563 441
5027 564 438
5032 569 430
5042 570 428
5049 571 423
5057 573 420
5065 574 417
5073 575 415
5085 575 414
5089 576 413
5098 576 413
5107 576 412
5116 576 412
5215 576 412
5222 575 412
5231 575 412
5240 575 412
5246 575 412
5256 574 412
5262 574 412
5271 574 412
5280 574 412
5294 573 412
5818 573 411
5822 578 401
5824 587 389
5831 603 375
5843 617 360
5847 630 348
5856 641 337
5864 670 315
5871 693 296
5880 703 290
5889 727 273
5902 744 261
5905 759 250
5912 773 241
5921 786 232
5929 789 229
5941 797 224
5945 802 220
5953 806 217
5960 809 216
5969 811 214
5977 812 213
5985 813 212
5994 813 212
6004 813 212
6009 814 212
6018 814 212
6027 814 212
6043 814 211
6093 814 211
6163 815 211
10451 815 211
10452 815 207
10461 815 203
10467 816 199
10477 817 194
10485 819 184
10493 821 175
10499 821 172
10507 823 160
10516 823 158
10525 824 152
10540 824 148
10541 824 145
10548 824 143
10557 824 142
10578 824 140
10582 824 140
10583 824 139
10589 824 139
10638 824 139
10649 823 139
10654 821 141
10662 819 144
10670 814 151
10679 806 159
10687 796 170
10695 782 184
10705 768 200
10711 745 223
10719 723 243
10727 699 262
10735 690 268
10744 670 282
10751 653 293
10764 637 304
10768 622 314
10776 610 321
10784 601 327
10792 591 332
10802 583 338
10809 574 345
10820 571 347
10825 565 351
10834 561 355
10841 558 357
10849 555 359
10858 552 360
10866 550 361
10875 548 361
10883 547 362
10891 547 362
10899 546 362
10908 545 362
10915 545 362
10931 545 362
10933 545 362
10940 544 362
10948 544 361
10956 543 361
10965 543 360
10974 542 359
10980 542 358
10989 540 349
10997 540 336
11005 540 321
11016 540 301
11021 540 276
11030 548 247
11811 548 240
11812 548 232
11817 549 225
11825 551 220
11833 552 213
11842 554 208
11850 555 203
11859 558 191
11865 560 179
11876 562 169
11882 564 158
11891 565 150
11904 566 147
11907 566 140
11915 566 135
11924 566 130
11933 566 126
11940 566 122
11948 566 119
11955 565 115
11963 563 110
11971 562 107
11983 559 102
11988 557 97
11999 555 92
12006 553 88
12012 549 82
12022 548 80
12030 546 74
12036 544 70
12045 542 67
12052 540 64
12063 538 62
12069 537 59
12079 536 57
12085 535 56
12096 533 54
12104 532 53
12114 531 52
12121 530 52
12126 530 51
12135 528 50
12146 527 49
12151 524 47
12159 523 46
12168 522 45
12175 520 44
12184 519 44
12192 517 43
12200 517 43
12228 516 43
12307 516 43
12693 516 44
12695 516 48
12701 515 53
12708 514 57
12717 511 68
12725 507 81
12735 504 93
12741 499 108
12749 495 121
12758 492 136
12767 488 147
12778 486 162
12784 483 175
12789 480 188
12798 478 198
12808 477 211
12815 475 221
12824 474 230
12831 472 239
12838 472 242
12848 470 247
12855 469 253
12863 468 257
12872 467 260
12881 467 262
12887 466 265
12896 465 267
12904 464 270
12913 462 276
12920 460 280
12928 458 285
12937 455 292
12948 449 303
12952 443 313
12961 437 322
12969 431 332
12979 423 342
12987 421 345
12995 415 352
13001 411 357
13012 408 361
13018 404 364
13030 402 367
13034 400 368
13043 398 368
13051 397 369
13059 396 369
13068 395 369
13077 394 369
13084 394 369
13092 393 367
13100 392 363
13108 391 359
13118 391 355
13124 391 348
13133 391 340
13141 391 331
13150 395 320
13160 400 309
13166 406 297
13174 415 285
13183 431 264
13190 436 259
13203 447 248
13207 459 235
13214 470 224
13223 482 210
13233 495 198
13239 505 187
13250 514 178
13256 518 175
13269 524 169
13272 531 163
13281 535 159
13288 538 156
13299 541 154
13304 542 153
13313 544 152
13326 545 151
13333 546 150
13336 546 150
13345 548 149
13353 549 148
13362 550 148
13375 552 147
13378 556 144
13386 559 142
13396 560 140
13405 563 139
13411 566 136
13419 571 132
13427 572 130
13436 575 128
13443 578 125
13452 581 123
13460 584 121
13468 586 118
13476 588 117
13484 591 115
13496 592 114
13501 594 112
13510 595 112
13517 596 111
13525 598 109
13534 599 108
13541 600 107
13551 601 106
13558 603 104
13566 605 102
13577 606 100
13582 608 98
13591 609 95
13599 610 93
13608 612 91
13617 613 88
13623 615 86
13632 617 83
13640 619 81
13649 621 78
13658 622 76
13664 624 73
13674 626 71
13682 628 70
13689 629 67
13697 631 66
13706 632 64
13715 634 62
13722 636 61
13730 636 60
13739 638 58
13746 639 57
13755 641 56
13763 642 54
13771 643 53
13782 644 52
13789 646 50
13796 646 49
13804 647 49
13812 647 48
13821 647 48
13828 647 48
13842 648 48
13844 648 48
14369 648 48
14370 644 51
14378 639 55
14392 633 60
14393 615 73
14403 599 86
14412 591 93
14420 563 118
14427 547 132
14434 539 138
14443 509 166
14451 502 172
14460 488 186
14467 474 200
14475 462 213
14484 453 226
14492 446 234
14499 439 243
14507 434 252
14515 433 254
14528 426 266
14532 424 271
14540 422 277
14548 420 286
14556 419 294
14564 418 305
14573 418 315
14581 418 328
14589 418 339
14597 418 347
14606 418 356
14614 421 366
14621 425 375
14630 431 385
14638 437 394
14647 452 410
14654 458 414
14663 468 422
14673 479 429
14679 493 437
14692 504 441
14695 516 445
14704 527 448
14711 536 449
14720 546 450
14732 555 450
14738 563 450
14744 570 450
14753 581 450
14761 590 448
14770 598 444
14778 609 439
14788 618 436
14794 625 431
14804 633 426
14810 642 420
14818 648 415
14835 653 410
14836 655 408
14843 662 399
14852 665 394
14859 669 390
14869 673 384
14876 676 377
14884 680 371
14894 683 364
14901 687 358
14909 690 352
14918 694 345
14925 697 339
14935 701 332
14942 702 329
14951 709 317
14958 713 311
14966 716 305
14975 720 299
14985 723 293
14990 726 288
14999 731 282
15008 732 281
15015 736 276
15023 738 272
15031 741 268
15039 744 265
15048 747 262
15064 749 259
15065 751 257
15071 752 255
15080 755 254
15088 755 253
15096 757 253
15105 758 252
15113 759 252
15123 760 252
15132 761 252
15137 761 252
15161 761 252
15252 762 252
16811 762 252
16820 756 251
16825 749 249
16833 743 244
16843 737 242
16852 730 239
16857 723 237
16865 716 234
16874 705 231
16881 693 226
16890 682 223
16896 672 220
16905 663 216
16915 656 214
16921 647 212
16929 640 210
16939 633 207
16946 626 205
16954 618 204
16962 611 202
16970 608 202
16981 597 200
16987 594 199
16995 588 198
17007 583 198
17012 575 197
17021 572 197
17027 564 196
17038 562 196
17045 558 195
17053 553 195
17064 550 195
17069 547 195
17077 545 195
17085 542 195
17094 540 195
17102 535 194
17109 531 194
17118 525 193
17126 520 192
17134 513 191
17142 506 190
17151 499 189
17159 494 188
17167 489 188
17180 485 187
17183 481 187
17194 476 186
17199 473 185
17207 470 185
17216 465 184
17224 462 183
17236 460 183
17240 457 182
17248 454 181
17257 450 180
17265 447 179
17273 445 178
17281 443 177
17290 443 177
17298 442 176
17306 442 176
20567 442 176
20569 442 179
20570 442 181
20583 442 183
20589 442 187
20605 442 188
20605 442 189
20612 442 194
20619 442 195
20627 442 196
20636 442 198
20645 442 198
20653 442 199
20661 442 199
20670 441 200
20677 441 201
20685 441 201
20696 441 202
20702 441 203
20709 441 204
20717 441 205
20725 440 206
20735 440 207
20743 439 208
20750 439 210
20758 438 212
20766 437 214
20776 437 215
20783 437 216
20791 437 217
20800 436 218
20809 436 218
20816 436 219
20823 436 219
20831 436 219
20840 435 220
20848 435 220
20856 435 221
20865 434 221
20875 434 223
20880 434 224
20889 433 225
20897 432 227
20905 432 229
20914 431 231
20922 430 233
20932 430 234
20938 429 235
20947 429 236
20954 429 236
20962 429 236
20971 429 237
20980 428 237
21002 428 237
21079 428 237
